# Created by Octave 4.0.0, Wed Apr 27 16:47:40 2016 EDT <kathy@kathy-VirtualBox>
# name: v
# type: matrix
# rows: 10
# columns: 1
 3999
 3299
 3690
 2320
 5399
 2999
 3149
 1989
 2120
 2425


